3.0543909072875977
2.980062246322632
3.042884111404419
2.9806642532348633
3.0421407222747803
2.9873855113983154
3.0320682525634766
2.9801769256591797
3.0379018783569336
2.9802937507629395
3.0450494289398193
2.9802258014678955
3.0424978733062744
2.98034930229187
3.041546583175659
2.9855988025665283
3.0345351696014404
2.9803428649902344
3.4432971477508545
2.980433940887451
3.0423481464385986
2.9840025901794434
2.979736566543579
2.9808349609375
3.0490779876708984
2.9815850257873535
3.049560785293579
2.9801628589630127
2.980098247528076
2.9813332557678223
3.0450620651245117

2.5069527626037598
2.5048234462738037
2.5044960975646973
2.506676435470581
2.5079617500305176
2.5082168579101562
2.5083630084991455
2.5082321166992188
2.509178638458252
2.508307695388794
2.507520914077759
2.5068562030792236
2.508115530014038
2.507369041442871
2.5083916187286377
2.5043392181396484
2.5041160583496094
2.506716251373291
2.507936954498291
2.909315586090088
2.5077502727508545
2.507941246032715
2.504317045211792
2.504030227661133
2.506662130355835
2.5077905654907227
2.5049211978912354
2.5046000480651855
2.5074734687805176
2.5072669982910156
2.507591962814331
2.509974718093872
2.5083749294281006
2.508178949356079
2.508072853088379
2.508078098297119
2.508373498916626
2.5042834281921387
2.504051446914673
2.910113573074341
2.508592367172241
2.5046961307525635
2.5041913986206055
2.507481575012207
2.5043582916259766
2.5040531158447266
2.5063207149505615
2.5046074390411377
2.504115343093872
2.5067708492279053
2.5098447799682617
2.5084338188171387
2.5075740814208984
2.507159471511841
2.5063865184783936
2.507847547531128
2.5088388919830322
