3.0277886390686035
6.0121424198150635
9.04902458190918
12.033508777618408
15.077705144882202
18.063173055648804
21.10560941696167
24.089938640594482
27.13385534286499
30.1183123588562
33.1574125289917
36.1456515789032
39.17862939834595
42.16299843788147
45.200910329818726
48.18492579460144
51.224936962127686
54.209237575531006
57.65432953834534
60.645565032958984
63.69975233078003
66.68491721153259
69.7370765209198
72.72148489952087
75.7613513469696
78.7456796169281
81.79076337814331
84.77736353874207
87.82235383987427
90.80689334869385
93.85109853744507
96.83599853515625
99.87668943405151
102.8614821434021
105.90726590156555
108.89186644554138
111.93489098548889
114.9189202785492
118.36612272262573
121.35039615631104
124.40503573417664
127.38899898529053
130.43980312347412
133.42427349090576
136.46166348457336
139.44692826271057
142.48728203773499
145.4740800857544
148.52199387550354
151.50623846054077
154.54929304122925
157.53392267227173
160.58386063575745
163.568190574646
166.61913967132568
169.60338926315308
172.64685988426208
175.63705134391785
179.08617305755615
182.0705165863037
185.1142704486847
188.10064721107483
191.14321660995483
194.1271255016327
197.1765489578247
200.16103529930115
203.20253229141235
206.18932461738586
209.2190420627594
212.20317816734314
215.24670338630676
218.23089146614075
221.2828507423401
224.26737189292908
227.31638383865356
230.30078387260437
233.3530309200287
236.3377923965454
239.7808220386505
242.7648606300354
245.81322121620178
248.79741191864014
251.83684039115906
254.8213131427765
257.87291431427
260.85719299316406
263.90755581855774
266.89405822753906
269.936208486557
272.9209303855896
275.96249628067017
278.9472277164459
281.9908540248871
284.97682332992554
288.0221531391144
291.00653100013733
294.0505402088165
297.03453278541565
300.47624039649963
303.46057057380676
306.51659512519836
309.50155878067017
312.5563769340515
315.5404939651489
318.58331060409546
321.5680401325226
324.6113166809082
327.5975158214569
330.6405119895935
333.6250081062317
336.6680703163147
339.6530387401581
342.70132875442505
345.68609857559204
348.7256052494049
351.7151503562927
354.7648837566376
357.75574016571045
361.19451880455017
364.18483710289
367.2231774330139
370.21012830734253
373.24795722961426
376.2322733402252
379.2755272388458
382.2599081993103
385.30428862571716
388.28877878189087
391.32649755477905
394.3129322528839
397.3522765636444
400.33612513542175
403.38969898223877
406.3735382556915
409.41391801834106
412.39770436286926
415.4413137435913
418.4252498149872
421.8827064037323
424.8722274303436
427.914879322052
430.89886808395386
433.94234704971313
436.9261701107025
439.95965242385864
442.9434118270874
445.99815702438354
448.9879937171936
452.02496218681335
455.00870275497437
458.0464494228363
461.0310049057007
464.0747983455658
467.0601222515106
470.102854013443
473.086553812027
476.1303825378418
479.1143248081207
482.5589179992676
485.5427813529968
488.58765625953674
491.5718448162079
494.61626720428467
497.6003053188324
500.65268874168396
503.64012145996094
506.6754684448242
509.65971636772156
512.711225271225
515.6951720714569
518.7408239841461
521.7245025634766
524.7722873687744
527.7567365169525
530.8017740249634
533.7860536575317
536.8355197906494
539.8199577331543
543.2681231498718
546.2524709701538
549.3092889785767
552.2933707237244
555.3453145027161
558.3296320438385
561.3717415332794
564.3558309078217
567.3980104923248
570.3823504447937
573.4260396957397
576.4106090068817
579.4546711444855
582.4387900829315
585.4830214977264
588.4668669700623
591.509968996048
594.4937264919281
597.5327003002167
600.5167336463928
603.9619128704071
606.9465825557709
610.000376701355
612.9846460819244
616.0364708900452
619.02139544487
622.0470621585846
625.0312237739563
628.0691969394684
631.0537741184235
634.100337266922
637.0846793651581
640.1335883140564
643.1182284355164
646.1570770740509
649.1411833763123
652.1855828762054
655.1722555160522
658.2202944755554
661.2044475078583
664.6523447036743
667.6371614933014
670.6848509311676
673.6699206829071
676.7090644836426
679.6938436031342
682.7447247505188
685.731910943985
688.7777807712555
691.7628302574158
694.7989950180054
697.7836511135101
700.7733106613159
703.7591059207916
706.7452256679535
709.7305591106415
712.7151718139648
715.7376470565796
718.722704410553
721.7290136814117
725.1199579238892
728.1089596748352
731.152893781662
734.152382850647
737.1675062179565
740.1632680892944
743.196197271347
746.1855437755585
749.2185771465302
752.2087128162384
755.2370784282684
758.2449173927307
761.234482049942
764.2336087226868
767.2292923927307
770.2144372463226
773.2683439254761
776.2539303302765
779.2451012134552
782.2294738292694
785.6935622692108
788.6800427436829
791.6673922538757
794.654792547226
797.6535942554474
800.6622004508972
803.6548686027527
806.710248708725
809.6966474056244
812.6825430393219
815.6691467761993
818.6557157039642
821.6659638881683
824.6543850898743
827.6398191452026
830.6247878074646
833.6820383071899
836.666273355484
839.7009365558624
842.6867022514343
846.1431896686554
849.1277163028717
852.1251621246338
855.1103136539459
858.09734582901
861.082680940628
864.0947177410126
867.079094171524
870.0645875930786
873.0490937232971
876.0357859134674
879.0199842453003
882.0751605033875
885.0594725608826
888.1147162914276
891.0988297462463
894.1544363498688
897.1385679244995
900.1972699165344
903.1814036369324
906.6267170906067
909.6115956306458
912.6695566177368
915.6615571975708
918.7034804821014
921.6876554489136
924.7256190776825
927.7120108604431
930.7577745914459
933.7476434707642
936.7934556007385
939.7798819541931
942.8307819366455
945.8149683475494
948.7995612621307
951.784595489502
954.7710411548615
957.7692923545837
960.7654440402985
963.7602543830872
967.150682926178
970.1404116153717
973.1962037086487
976.1824035644531
979.2369997501373
982.2210054397583
985.2691009044647
988.252911567688
991.3002486228943
994.2853219509125
997.3315427303314
1000.330197095871
1003.3742439746857
1006.3646256923676
1009.391862154007
1012.3907158374786
1015.3814105987549